8986
8987
9193
9194
9195
9196
9200
9203
9725
9726
9748
9749
9800
9801
9802
9803
9804
9805
9806
9807
9808
9809
9810
9811
9855
9875
9889
9898
9899
9917
9918
9924
9925
9934
9940
9962
9970
9971
9973
9978
9981
9989
9994
9995
10024
10060
10062
10067
10068
10069
10071
10133
10134
10135
10160
10175
11035
11036
11088
11093
126980
127183
127374
127377
127378
127379
127380
127381
127382
127383
127384
127385
127386
127489
127514
127535
127538
127539
127540
127541
127542
127544
127545
127546
127568
127569
127744
127745
127746
127747
127748
127749
127750
127751
127752
127753
127754
127755
127756
127757
127758
127759
127760
127761
127762
127763
127764
127765
127766
127767
127768
127769
127770
127771
127772
127773
127774
127775
127776
127789
127790
127791
127792
127793
127794
127795
127796
127797
127799
127800
127801
127802
127803
127804
127805
127806
127807
127808
127809
127810
127811
127812
127813
127814
127815
127816
127817
127818
127819
127820
127821
127822
127823
127824
127825
127826
127827
127828
127829
127830
127831
127832
127833
127834
127835
127836
127837
127838
127839
127840
127841
127842
127843
127844
127845
127846
127847
127848
127849
127850
127851
127852
127853
127854
127855
127856
127857
127858
127859
127860
127861
127862
127863
127864
127865
127866
127867
127868
127870
127871
127872
127873
127874
127875
127876
127877
127878
127879
127880
127881
127882
127883
127884
127885
127886
127887
127888
127889
127890
127891
127904
127905
127906
127907
127908
127909
127910
127911
127912
127913
127914
127915
127916
127917
127918
127919
127920
127921
127922
127923
127924
127925
127926
127927
127928
127929
127930
127931
127932
127933
127934
127935
127936
127937
127938
127939
127940
127941
127942
127943
127944
127945
127946
127951
127952
127953
127954
127955
127968
127969
127970
127971
127972
127973
127974
127975
127976
127977
127978
127979
127980
127981
127982
127983
127984
127988
127992
127993
127994
127995
127996
127997
127998
127999
128000
128001
128002
128003
128004
128005
128006
128007
128008
128009
128010
128011
128012
128013
128014
128015
128016
128017
128018
128019
128020
128021
128022
128023
128024
128025
128026
128027
128028
128029
128030
128031
128032
128033
128034
128035
128036
128037
128038
128039
128040
128041
128042
128043
128044
128045
128046
128047
128048
128049
128050
128051
128052
128053
128054
128055
128056
128057
128058
128059
128060
128061
128062
128064
128066
128067
128068
128069
128070
128071
128072
128073
128074
128075
128076
128077
128078
128079
128080
128081
128082
128083
128084
128085
128086
128087
128088
128089
128090
128091
128092
128093
128094
128095
128096
128097
128098
128099
128100
128101
128102
128103
128104
128105
128106
128107
128108
128109
128110
128111
128112
128113
128114
128115
128116
128117
128118
128119
128120
128121
128122
128123
128124
128125
128126
128127
128128
128129
128130
128131
128132
128133
128134
128135
128136
128137
128138
128139
128140
128141
128142
128143
128144
128145
128146
128147
128148
128149
128150
128151
128152
128153
128154
128155
128156
128157
128158
128159
128160
128161
128162
128163
128164
128165
128166
128167
128168
128169
128170
128171
128172
128173
128174
128175
128176
128177
128178
128179
128180
128181
128182
128183
128184
128185
128186
128187
128188
128189
128190
128191
128192
128193
128194
128195
128196
128197
128198
128199
128200
128201
128202
128203
128204
128205
128206
128207
128208
128209
128210
128211
128212
128213
128214
128215
128216
128217
128218
128219
128220
128221
128222
128223
128224
128225
128226
128227
128228
128229
128230
128231
128232
128233
128234
128235
128236
128237
128238
128239
128240
128241
128242
128243
128244
128245
128246
128247
128248
128249
128250
128251
128252
128255
128256
128257
128258
128259
128260
128261
128262
128263
128264
128265
128266
128267
128268
128269
128270
128271
128272
128273
128274
128275
128276
128277
128278
128279
128280
128281
128282
128283
128284
128285
128286
128287
128288
128289
128290
128291
128292
128293
128294
128295
128296
128297
128298
128299
128300
128301
128302
128303
128304
128305
128306
128307
128308
128309
128310
128311
128312
128313
128314
128315
128316
128317
128331
128332
128333
128334
128336
128337
128338
128339
128340
128341
128342
128343
128344
128345
128346
128347
128348
128349
128350
128351
128352
128353
128354
128355
128356
128357
128358
128359
128378
128405
128406
128420
128507
128508
128509
128510
128511
128512
128513
128514
128515
128516
128517
128518
128519
128520
128521
128522
128523
128524
128525
128526
128527
128528
128529
128530
128531
128532
128533
128534
128535
128536
128537
128538
128539
128540
128541
128542
128543
128544
128545
128546
128547
128548
128549
128550
128551
128552
128553
128554
128555
128556
128557
128558
128559
128560
128561
128562
128563
128564
128565
128566
128567
128568
128569
128570
128571
128572
128573
128574
128575
128576
128577
128578
128579
128580
128581
128582
128583
128584
128585
128586
128587
128588
128589
128590
128591
128640
128641
128642
128643
128644
128645
128646
128647
128648
128649
128650
128651
128652
128653
128654
128655
128656
128657
128658
128659
128660
128661
128662
128663
128664
128665
128666
128667
128668
128669
128670
128671
128672
128673
128674
128675
128676
128677
128678
128679
128680
128681
128682
128683
128684
128685
128686
128687
128688
128689
128690
128691
128692
128693
128694
128695
128696
128697
128698
128699
128700
128701
128702
128703
128704
128705
128706
128707
128708
128709
128716
128720
128721
128722
128725
128726
128727
128747
128748
128756
128757
128758
128759
128760
128761
128762
128763
128764
128992
128993
128994
128995
128996
128997
128998
128999
129000
129001
129002
129003
129292
129293
129294
129295
129296
129297
129298
129299
129300
129301
129302
129303
129304
129305
129306
129307
129308
129309
129310
129311
129312
129313
129314
129315
129316
129317
129318
129319
129320
129321
129322
129323
129324
129325
129326
129327
129328
129329
129330
129331
129332
129333
129334
129335
129336
129337
129338
129340
129341
129342
129343
129344
129345
129346
129347
129348
129349
129351
129352
129353
129354
129355
129356
129357
129358
129359
129360
129361
129362
129363
129364
129365
129366
129367
129368
129369
129370
129371
129372
129373
129374
129375
129376
129377
129378
129379
129380
129381
129382
129383
129384
129385
129386
129387
129388
129389
129390
129391
129392
129393
129394
129395
129396
129397
129398
129399
129400
129402
129403
129404
129405
129406
129407
129408
129409
129410
129411
129412
129413
129414
129415
129416
129417
129418
129419
129420
129421
129422
129423
129424
129425
129426
129427
129428
129429
129430
129431
129432
129433
129434
129435
129436
129437
129438
129439
129440
129441
129442
129443
129444
129445
129446
129447
129448
129449
129450
129451
129452
129453
129454
129455
129456
129457
129458
129459
129460
129461
129462
129463
129464
129465
129466
129467
129468
129469
129470
129471
129472
129473
129474
129475
129476
129477
129478
129479
129480
129481
129482
129483
129485
129486
129487
129488
129489
129490
129491
129492
129493
129494
129495
129496
129497
129498
129499
129500
129501
129502
129503
129504
129505
129506
129507
129508
129509
129510
129511
129512
129513
129514
129515
129516
129517
129518
129519
129520
129521
129522
129523
129524
129525
129526
129527
129528
129529
129530
129531
129532
129533
129534
129535
129648
129649
129650
129651
129652
129656
129657
129658
129664
129665
129666
129667
129668
129669
129670
129680
129681
129682
129683
129684
129685
129686
129687
129688
129689
129690
129691
129692
129693
129694
129695
129696
129697
129698
129699
129700
129701
129702
129703
129704
129712
129713
129714
129715
129716
129717
129718
129728
129729
129730
129744
129745
129746
129747
129748
129749
129750
11140623
11468303
540868111
541720079
555941391
557448719
563412495
563478031
563543567
563609103
563674639
563740175
564788751
564854287
589889039
600833551
602799631
602865167
602930703
603061775
603127311
603520527
603586063
603651599
616758799
631963151
632028687
632749583
633404943
637271567
637337103
637599247
637664783
637730319
637795855
637861391
638516751
638713359
639172111
639499791
639696399
639827471
639893007
640089615
640351759
640613903
640679439
641269263
641334799
641400335
641793551
641924623
643825167
643890703
644087311
644218383
644283919
644414991
645660175
645856783
647167503
647298575
647364111
647429647
647495183
647626255
647757327
647822863
648085007
648543759
649133583
649199119
650706447
651165199
651296271
651427343
652869135
653327887
653393423
653590031
653786639
653852175
653917711
654507535
654900751
654966287
655162895
655228431
655359503
655556111
655687183
655818255
656277007
656539151
657718799
657784335
658832911
659029519
660864527
660930063
664927759
691338767
691404303
721813007
721878543
721944079
808517135
809369103
848821775
848952847
8345681423
8345746959
8346598927
8346664463
8355249679
8358723087
8374058511
8374255119
8374320655
8374386191
8374451727
8374517263
8374582799
8374648335
8374713871
8374779407
8375434767
8380087823
8381726223
8381791759
8381922831
8381988367
8382053903
8382250511
8382316047
8385199631
8385265167
8385330703
8385396239
8385789455
8385854991
8385920527
8385986063
8386051599
8386117135
8386182671
8386248207
8386313743
8386379279
8386444815
8386510351
8387821071
8387952143
8388083215
8392801807
8392932879
8405253647
8410234383
8410299919
8412724751
8412790287
8412986895
8413052431
8413117967
8413183503
8413249039
8413314575
8413380111
8414297615
8414494223
8414559759
8414625295
8414690831
8414887439
8416263695
8416460303
8417050127
8417115663
8417771023
8418164239
8418229775
8418295311
8419147279
8419212815
8419278351
8419868175
8419933711
8419999247
8420195855
8420326927
8420654607
8421113359
8421375503
8421834255
8435531279
8435662351
8435727887
8435793423
8436907535
8436973071
8437038607
8437104143
8437169679
8437235215
8437497359
8437956111
8438152719
154586259683
184651030755
210420834531
214715801827
219010769123
223305736419
227600703715
231895671011
236190638307
240485605603
244780572899
249075540195
133653721576
133653721577
133653721578
133653721579
133653721580
133653721582
133653721585
133653721586
133653721588
133653721590
133653721591
133653721592
133653721593
133653721594
133653721596
133653721597
133653721599
133654770150
133654770151
133654770153
133654770154
133654770155
133654770156
133654770157
133654770158
133654770159
133654770161
133654770162
133654770163
133654770164
133654770166
133654770167
133654770168
133654770169
133654770171
133654770172
133654770174
133654770175
133655818726
133655818728
133655818729
133655818731
133655818732
133655818733
133655818734
133655818736
133655818737
133655818738
133655818739
133655818740
133655818741
133655818743
133655818746
133655818747
133655818748
133655818749
133655818750
133655818751
133656867306
133656867308
133656867311
133656867312
133656867314
133656867316
133656867327
133657915878
133657915880
133657915882
133657915884
133657915885
133657915895
133657915896
133657915897
133657915898
133658964462
133658964463
133658964464
133658964466
133658964468
133658964471
133660013030
133660013031
133660013033
133660013034
133660013035
133660013036
133660013037
133660013038
133660013041
133660013042
133660013043
133660013045
133660013046
133660013047
133660013048
133660013049
133660013050
133660013052
133660013054
133661061616
133661061618
133661061619
133661061623
133661061625
133661061626
133662110184
133662110185
133662110186
133662110193
133662110194
133662110195
133662110196
133662110198
133662110199
133662110200
133662110201
133663158762
133663158770
133663158772
133663158773
133664207338
133664207340
133664207341
133664207342
133664207346
133664207347
133664207349
133664207351
133664207356
133664207358
133664207359
133665255910
133665255911
133665255912
133665255918
133665255920
133665255927
133665255928
133665255929
133665255930
133665255931
133665255934
133666304486
133666304488
133666304489
133666304490
133666304491
133666304492
133666304493
133666304496
133666304497
133666304498
133666304499
133666304500
133666304501
133666304502
133666304503
133666304504
133666304505
133666304506
133666304507
133666304508
133666304509
133666304510
133666304511
133667353062
133667353064
133667353066
133667353067
133667353068
133667353070
133667353073
133667353076
133667353077
133667353079
133667353082
133667353087
133668401650
133669450214
133669450218
133669450219
133669450220
133669450221
133669450224
133669450225
133669450226
133669450227
133669450231
133669450232
133669450233
133669450236
133669450238
133670498790
133671547370
133671547380
133671547384
133671547386
133671547388
133672595942
133672595943
133672595944
133672595945
133672595946
133672595948
133672595949
133672595950
133672595951
133672595952
133672595953
133672595954
133672595955
133672595956
133672595959
133672595960
133672595961
133672595963
133672595965
133672595966
133672595967
133673644518
133673644520
133673644521
133673644523
133673644524
133673644525
133673644527
133673644528
133673644529
133673644530
133673644531
133673644532
133673644535
133673644537
133673644539
133673644540
133673644543
133674693094
133674693100
133674693106
133674693107
133674693112
133674693118
133674693119
133675741670
133675741672
133675741674
133675741676
133675741678
133675741683
133675741690
133676790251
133676790264
133677838832
133678887402
133678887417
133679935974
133679935986
133679935996
170126395930693450173966446339458464612479
170126395930693450173982587228428346196095
170126395930693450173987198924342377185407
10231084027
10231084028
10231084029
10231084030
10231084031
10461770747
10461770748
10461770749
10461770750
10461770751
10479596539
10479596540
10479596541
10479596542
10479596543
10480645115
10480645116
10480645117
10480645118
10480645119
10481693691
10481693692
10481693693
10481693694
10481693695
10482742267
10482742268
10482742269
10482742270
10482742271
134088881147
134088881148
134088881149
134088881150
134088881151
134152844283
134152844284
134152844285
134152844286
134152844287
134153892859
134153892860
134153892861
134153892862
134153892863
134154941435
134154941436
134154941437
134154941438
134154941439
134158087163
134158087164
134158087165
134158087166
134158087167
134161232891
134161232892
134161232893
134161232894
134161232895
134162281467
134162281468
134162281469
134162281470
134162281471
134163330043
134163330044
134163330045
134163330046
134163330047
134287062011
134287062012
134287062013
134287062014
134287062015
134288110587
134288110588
134288110589
134288110590
134288110591
134291256315
134291256316
134291256317
134291256318
134291256319
134292304891
134292304892
134292304893
134292304894
134292304895
134293353467
134293353468
134293353469
134293353470
134293353471
134294402043
134294402044
134294402045
134294402046
134294402047
134295450619
134295450620
134295450621
134295450622
134295450623
134296499195
134296499196
134296499197
134296499198
134296499199
134297547771
134297547772
134297547773
134297547774
134297547775
134298596347
134298596348
134298596349
134298596350
134298596351
134299644923
134299644924
134299644925
134299644926
134299644927
134300693499
134300693500
134300693501
134300693502
134300693503
134301742075
134301742076
134301742077
134301742078
134301742079
134324810747
134324810748
134324810749
134324810750
134324810751
134325859323
134325859324
134325859325
134325859326
134325859327
134326907899
134326907900
134326907901
134326907902
134326907903
134327956475
134327956476
134327956477
134327956478
134327956479
134330053627
134330053628
134330053629
134330053630
134330053631
134331102203
134331102204
134331102205
134331102206
134331102207
134332150779
134332150780
134332150781
134332150782
134332150783
134333199355
134333199356
134333199357
134333199358
134333199359
134335296507
134335296508
134335296509
134335296510
134335296511
134336345083
134336345084
134336345085
134336345086
134336345087
134337393659
134337393660
134337393661
134337393662
134337393663
134338442235
134338442236
134338442237
134338442238
134338442239
134339490811
134339490812
134339490813
134339490814
134339490815
134340539387
134340539388
134340539389
134340539390
134340539391
134341587963
134341587964
134341587965
134341587966
134341587967
134342636539
134342636540
134342636541
134342636542
134342636543
134343685115
134343685116
134343685117
134343685118
134343685119
134347879419
134347879420
134347879421
134347879422
134347879423
134353122299
134353122300
134353122301
134353122302
134353122303
134354170875
134354170876
134354170877
134354170878
134354170879
134355219451
134355219452
134355219453
134355219454
134355219455
134357316603
134357316604
134357316605
134357316606
134357316607
134358365179
134358365180
134358365181
134358365182
134358365183
134359413755
134359413756
134359413757
134359413758
134359413759
134396113915
134396113916
134396113917
134396113918
134396113919
134607926267
134607926268
134607926269
134607926270
134607926271
134608974843
134608974844
134608974845
134608974846
134608974847
134614217723
134614217724
134614217725
134614217726
134614217727
134637286395
134637286396
134637286397
134637286398
134637286399
134642529275
134642529276
134642529277
134642529278
134642529279
134643577851
134643577852
134643577853
134643577854
134643577855
134827078651
134827078652
134827078653
134827078654
134827078655
134828127227
134828127228
134828127229
134828127230
134828127231
134829175803
134829175804
134829175805
134829175806
134829175807
134833370107
134833370108
134833370109
134833370110
134833370111
134834418683
134834418684
134834418685
134834418686
134834418687
134835467259
134835467260
134835467261
134835467262
134835467263
134836515835
134836515836
134836515837
134836515838
134836515839
134837564411
134837564412
134837564413
134837564414
134837564415
134925644795
134925644796
134925644797
134925644798
134925644799
134943470587
134943470588
134943470589
134943470590
134943470591
134944519163
134944519164
134944519165
134944519166
134944519167
134945567739
134945567740
134945567741
134945567742
134945567743
134956053499
134956053500
134956053501
134956053502
134956053503
134968636411
134968636412
134968636413
134968636414
134968636415
135572616187
135572616188
135572616189
135572616190
135572616191
135575761915
135575761916
135575761917
135575761918
135575761919
135585199099
135585199100
135585199101
135585199102
135585199103
135586247675
135586247676
135586247677
135586247678
135586247679
135587296251
135587296252
135587296253
135587296254
135587296255
135588344827
135588344828
135588344829
135588344830
135588344831
135589393403
135589393404
135589393405
135589393406
135589393407
135591490555
135591490556
135591490557
135591490558
135591490559
135592539131
135592539132
135592539133
135592539134
135592539135
135599879163
135599879164
135599879165
135599879166
135599879167
135610364923
135610364924
135610364925
135610364926
135610364927
135611413499
135611413500
135611413501
135611413502
135611413503
135612462075
135612462076
135612462077
135612462078
135612462079
135613510651
135613510652
135613510653
135613510654
135613510655
135614559227
135614559228
135614559229
135614559230
135614559231
135615607803
135615607804
135615607805
135615607806
135615607807
135616656379
135616656380
135616656381
135616656382
135616656383
135617704955
135617704956
135617704957
135617704958
135617704959
135618753531
135618753532
135618753533
135618753534
135618753535
135619802107
135619802108
135619802109
135619802110
135619802111
135623996411
135623996412
135623996413
135623996414
135623996415
135625044987
135625044988
135625044989
135625044990
135625044991
135684813819
135684813820
135684813821
135684813822
135684813823
135749825531
135749825532
135749825533
135749825534
135749825535
135750874107
135750874108
135750874109
135750874110
135750874111
135752971259
135752971260
135752971261
135752971262
135752971263
135754019835
135754019836
135754019837
135754019838
135754019839
135756116987
135756116988
135756116989
135756116990
135756116991
135774991355
135774991356
135774991357
135774991358
135774991359
135776039931
135776039932
135776039933
135776039934
135776039935
135777088507
135777088508
135777088509
135777088510
135777088511
135779185659
135779185660
135779185661
135779185662
135779185663
135780234235
135780234236
135780234237
135780234238
135780234239
135781282811
135781282812
135781282813
135781282814
135781282815
135782331387
135782331388
135782331389
135782331390
135782331391
135783379963
135783379964
135783379965
135783379966
135783379967
135784428539
135784428540
135784428541
135784428542
135784428543
135785477115
135785477116
135785477117
135785477118
135785477119
135786525691
135786525692
135786525693
135786525694
135786525695
135787574267
135787574268
135787574269
135787574270
135787574271
135788622843
135788622844
135788622845
135788622846
135788622847
135789671419
135789671420
135789671421
135789671422
135789671423
135790719995
135790719996
135790719997
135790719998
135790719999
135791768571
135791768572
135791768573
135791768574
135791768575
